Test Loss     : 0.0000
Test Accuracy : 0.9155

              precision    recall  f1-score   support

           0      0.889     0.956     0.921       226
           1      0.901     0.910     0.905       210
           2      0.964     0.899     0.931       179
           3      0.942     0.936     0.939       173
           4      0.905     0.911     0.908       168
           5      0.897     0.859     0.878       192
           6      0.923     0.941     0.932       102
           7      0.930     0.920     0.925        87

    accuracy                          0.915      1337
   macro avg      0.919     0.916     0.917      1337
weighted avg      0.916     0.915     0.915      1337