1782551090215 0.0001 1
1782552029423 0.0001 2
1782552965869 0.0001 3
1782553899509 0.0001 4
1782554836453 0.0001 5
1782555785161 0.0001 6
1782556733974 0.0001 7
1782557675997 0.0001 8
1782558623894 0.0001 9
1782559570996 0.0001 10
1782560522953 0.0001 11
1782561473524 0.0001 12
1782562436928 1e-05 13
1782563436349 1e-05 14
1782564401918 1e-05 15
1782565355357 1e-05 16
1782566312857 1e-05 17
1782567273278 1e-05 18
1782568234598 1.0000000000000002e-06 19
1782569171724 1.0000000000000002e-06 20
1782570097942 1.0000000000000002e-06 21
1782571027650 1.0000000000000002e-06 22
1782571972741 1.0000000000000002e-06 23
1782572993752 1.0000000000000002e-06 24
1782573954841 1.0000000000000002e-06 25
1782574905170 1.0000000000000002e-06 26
1782575827787 1.0000000000000002e-06 27
1782576764897 1.0000000000000002e-06 28
1782577694592 1.0000000000000002e-06 29
1782578636376 1.0000000000000002e-06 30
1782579570663 1.0000000000000002e-06 31
1782580516720 1.0000000000000002e-06 32
1782581461128 1.0000000000000002e-06 33
1782582428728 1.0000000000000002e-06 34
1782583402958 1.0000000000000002e-06 35
1782584360231 1.0000000000000002e-06 36
1782585318792 1.0000000000000002e-06 37
1782586264444 1.0000000000000002e-06 38
1782587234470 1.0000000000000002e-06 39
1782588194989 1.0000000000000002e-06 40
1782589155426 1.0000000000000002e-06 41
1782590126964 1.0000000000000002e-06 42
1782591079958 1.0000000000000002e-06 43
1782592053829 1.0000000000000002e-06 44
1782593009477 1.0000000000000002e-06 45
