1782551090215 0.6710036993026733 1
1782552029423 0.8661710023880005 2
1782552965869 0.8856877088546753 3
1782553899509 0.8949813842773438 4
1782554836453 0.9144981503486633 5
1782555785161 0.9256505370140076 6
1782556733974 0.9302973747253418 7
1782557675997 0.9321561455726624 8
1782558623894 0.9395910501480103 9
1782559570996 0.9474906921386719 10
1782560522953 0.953066885471344 11
1782561473524 0.9447026252746582 12
1782562436928 0.9521375298500061 13
1782563436349 0.9591078162193298 14
1782564401918 0.9711896181106567 15
1782565355357 0.9660780429840088 16
1782566312857 0.9693308472633362 17
1782567273278 0.9628252983093262 18
1782568234598 0.9688661694526672 19
1782569171724 0.9725836515426636 20
1782570097942 0.9674721360206604 21
1782571027650 0.970724880695343 22
1782571972741 0.9656133651733398 23
1782572993752 0.9679368138313293 24
1782573954841 0.9702602028846741 25
1782574905170 0.9684014916419983 26
1782575827787 0.9656133651733398 27
1782576764897 0.9618958830833435 28
1782577694592 0.9684014916419983 29
1782578636376 0.9702602028846741 30
1782579570663 0.9618958830833435 31
1782580516720 0.9730483293533325 32
1782581461128 0.9753717184066772 33
1782582428728 0.9665427803993225 34
1782583402958 0.9711896181106567 35
1782584360231 0.9665427803993225 36
1782585318792 0.9702602028846741 37
1782586264444 0.9721189737319946 38
1782587234470 0.9614312052726746 39
1782588194989 0.9679368138313293 40
1782589155426 0.9628252983093262 41
1782590126964 0.9716542959213257 42
1782591079958 0.9697955250740051 43
1782592053829 0.9739776849746704 44
1782593009477 0.9684014916419983 45
