1782551090215 0.6300271153450012 1
1782552029423 0.8610885143280029 2
1782552965869 0.884601354598999 3
1782553899509 0.8934016227722168 4
1782554836453 0.9148275852203369 5
1782555785161 0.9282662868499756 6
1782556733974 0.9339922666549683 7
1782557675997 0.9303878545761108 8
1782558623894 0.9411910176277161 9
1782559570996 0.9477554559707642 10
1782560522953 0.9539798498153687 11
1782561473524 0.9460886120796204 12
1782562436928 0.953453779220581 13
1782563436349 0.9589576721191406 14
1782564401918 0.9708200693130493 15
1782565355357 0.9660252332687378 16
1782566312857 0.9706211090087891 17
1782567273278 0.9646230936050415 18
1782568234598 0.9692563414573669 19
1782569171724 0.9732847809791565 20
1782570097942 0.9685630798339844 21
1782571027650 0.9706460237503052 22
1782571972741 0.9658375978469849 23
1782572993752 0.968480110168457 24
1782573954841 0.97087562084198 25
1782574905170 0.9687938690185547 26
1782575827787 0.9665144681930542 27
1782576764897 0.962705135345459 28
1782577694592 0.9683679342269897 29
1782578636376 0.9712701439857483 30
1782579570663 0.9616782665252686 31
1782580516720 0.9746702909469604 32
1782581461128 0.9766120910644531 33
1782582428728 0.9680697321891785 34
1782583402958 0.9704596996307373 35
1782584360231 0.9679535627365112 36
1782585318792 0.9692714214324951 37
1782586264444 0.9742691516876221 38
1782587234470 0.9614187479019165 39
1782588194989 0.9679036140441895 40
1782589155426 0.9613097906112671 41
1782590126964 0.9718527793884277 42
1782591079958 0.9717132449150085 43
1782592053829 0.9759464859962463 44
1782593009477 0.9691648483276367 45
