1782551090215 1.0674255009477467 1
1782552029423 0.516657043123777 2
1782552965869 0.4290898812304642 3
1782553899509 0.37177484108612885 4
1782554836453 0.30571777337545797 5
1782555785161 0.2644679830530762 6
1782556733974 0.24293850522945362 7
1782557675997 0.22404814979622356 8
1782558623894 0.21110051565675486 9
1782559570996 0.18833269284117177 10
1782560522953 0.16657412113088657 11
1782561473524 0.1779285140861809 12
1782562436928 0.15406786631031108 13
1782563436349 0.14409584189214672 14
1782564401918 0.11338796402885125 15
1782565355357 0.11398666847815744 16
1782566312857 0.12197238987927986 17
1782567273278 0.14570640110615019 18
1782568234598 0.12154201742220103 19
1782569171724 0.09498217718530322 20
1782570097942 0.11735722411520862 21
1782571027650 0.09272835107319417 22
1782571972741 0.12498395194794609 23
1782572993752 0.1089679249268039 24
1782573954841 0.09521360340836323 25
1782574905170 0.10636695443919157 26
1782575827787 0.13505785892887187 27
1782576764897 0.12117492892263547 28
1782577694592 0.11357736919892322 29
1782578636376 0.10616843956332224 30
1782579570663 0.14126032280656042 31
1782580516720 0.0976298556119536 32
1782581461128 0.10377627949067651 33
1782582428728 0.09853575309413073 34
1782583402958 0.09312851826719191 35
1782584360231 0.10232689932376479 36
1782585318792 0.09098248034161706 37
1782586264444 0.09726441139182193 38
1782587234470 0.1421471281898066 39
1782588194989 0.11260208997141473 40
1782589155426 0.12253292469951743 41
1782590126964 0.10541210586696752 42
1782591079958 0.09108293754460643 43
1782592053829 0.11464617819591083 44
1782593009477 0.1146065114156021 45
